0,413
0,315
0,392
0,355
0,348
0,300
0,299
0,298
0,422
0,423
0,419
0,416
0,297
0,395
0,296
0,295
0,294
0,293
14,2
14,0
12,9
0,292
0,291
0,290
0,289
0,288
0,287
20,5
20,4
20,2
20,3
17,9
17,2
0,286
0,285
0,284
0,283
0,282
0,281
0,280
0,279
0,278
0,277
0,276
14,31
14,29
14,27
14,26
14,24
14,23
14,21
14,20
14,18
14,16
14,15
14,9
14,7
14,78
14,76
14,75
14,73
14,71
14,70
14,68
14,67
14,65
14,64
14,37
14,35
14,34
14,32
14,105
14,103
14,102
14,97
14,98
14,92
14,90
14,89
14,87
14,86
14,84
14,83
14,81
14,79
14,95
17,8
15,24
15,5
14,100
14,94
14,122
14,121
14,119
14,117
14,116
14,114
14,113
14,111
14,110
14,108
14,106
14,140
14,138
14,136
14,135
14,133
14,132
14,130
14,129
14,127
14,125
14,124
14,141
14,143
14,144
14,156
14,155
14,153
14,149
14,147
14,163
14,161
14,160
14,158
14,167
14,165
14,152
14,150
14,184
14,183
14,181
14,180
14,178
14,177
14,175
14,173
14,172
14,170
14,169
14,202
14,200
14,199
14,197
14,196
14,194
14,192
14,191
14,189
14,188
14,186
14,221
14,219
14,216
14,215
14,213
14,211
14,210
14,208
14,207
14,205
14,203
14,226
14,240
14,238
14,237
14,235
14,234
14,232
14,230
14,229
14,224
14,222
14,243
14,227
14,245
15,89
16,20
15,6
15,3
15,28
17,16
0,375
0,339
0,337
0,363
0,384
0,374
0,371
0,445
0,328
17,15
0,404
0,317
0,365
0,383
0,414
0,349
0,366
0,382
0,377
0,390
0,412
0,364
0,359
0,356
0,352
0,388
0,442
0,318
0,401
0,329
0,319
0,411
0,406
0,447
0,399
0,325
0,425
0,351
0,345
0,324
0,437
0,436
0,338
0,387
0,350
0,398
0,421
0,368
0,344
17,14
17,13
0,434
0,327
0,400
0,385
0,357
0,321
0,393
0,336
0,334
0,361
0,314
0,320
0,316
0,431
0,347
0,420
0,389
0,415
0,391
0,430
0,381
0,403
0,402
0,323
0,335
0,306
0,380
0,346
0,343
0,429
0,342
0,435
0,427
0,405
0,11
17,10
17,6
17,4
17,5
17,7
52,2
0,386
17,12
0,372
19,3
0,438
42,3
33,3
25,3
25,4
0,332
0,370
0,367
52,7
0,426
52,6
52,3
52,4
51,6
51,5
51,4
51,3
31,3
56,8
56,5
56,4
17,3
56,3
16,8
0,275
0,274
0,273
0,272
0,271
0,270
0,269
0,268
0,267
0,266
0,265
0,264
0,263
0,262
0,261
0,260
0,259
0,258
0,255
0,254
0,333
0,253
0,410
0,252
0,369
0,251
0,433
0,250
0,331
0,249
0,443
0,248
0,247
0,246
0,245
0,244
0,242
0,241
0,240
0,239
0,238
0,237
0,236
0,235
0,234
0,233
0,232
0,231
0,230
0,229
0,228
0,227
0,226
0,225
0,224
0,223
0,222
0,221
0,220
0,219
0,218
0,217
0,216
0,215
0,214
0,213
0,212
0,211
0,210
0,209
0,208
0,207
0,206
0,205
0,204
0,203
0,202
0,201
0,200
0,199
0,198
0,197
0,196
0,195
0,194
0,193
0,192
0,63
0,62
0,61
0,60
0,59
0,58
0,57
0,56
0,55
0,54
0,53
0,52
0,51
0,50
0,49
0,48
0,47
0,46
0,45
0,6
14,239
14,236
14,233
14,231
14,228
14,223
14,220
14,217
14,214
14,212
14,209
14,206
14,204
14,201
14,96
14,198
14,195
14,193
14,190
14,187
14,185
14,182
14,179
14,176
14,174
14,171
14,168
14,154
14,148
14,146
14,162
14,159
14,157
14,142
14,166
14,151
14,137
14,134
14,131
14,128
14,126
14,123
14,120
14,118
14,115
14,112
14,109
14,107
14,104
14,101
14,99
14,244
14,225
14,91
14,88
14,85
14,82
14,80
14,77
14,74
14,72
14,69
14,66
14,36
14,33
14,30
14,28
14,25
14,22
14,19
14,17
14,14
14,8
14,6
14,256
14,93
0,257
0,394
14,139
19,4
17,11
16,13
16,5
15,29
15,4
16,3
35,3
34,3
14,38
0,256
14,218
0,313
0,407
12,8
12,7
12,6
12,5
12,4
12,3
12,2
12,1
12,0
11,5
11,4
11,3
11,2
11,1
11,0
10,4
10,3
10,2
10,1
10,0
9,5
9,4
9,3
9,2
9,1
9,0
8,5
8,4
8,3
8,2
8,1
8,0
7,5
7,4
7,3
7,2
7,1
7,0
6,5
6,4
6,3
6,2
6,1
6,0
5,6
5,5
5,4
5,3
5,2
5,1
5,0
4,3
4,2
4,1
4,0
3,6
3,5
3,4
3,3
3,2
3,1
3,0
2,19
2,18
2,17
2,16
2,15
2,14
2,13
2,12
2,11
2,10
14,5
2,9
14,1
14,12
2,8
2,7
2,6
2,5
2,4
2,3
2,2
2,1
2,0
1,3
1,2
1,1
1,0
0,446
0,444
14,164
0,441
0,440
0,428
0,408
0,396
0,379
0,376
0,373
0,362
0,358
0,354
0,353
0,341
0,340
0,330
0,322
0,312
0,311
0,243
0,1
0,0
14,4
14,145
14,3
0,9
0,310
0,305
0,308
0,304
0,303
0,302
0,307
0,12
0,439
0,10
0,8
0,418
0,326
0,397
0,360
0,309
0,301
0,378
0,432
0,424
0,417
0,409
13,0
13,2
13,3
14,13
14,241
14,246
15,0
15,1
15,8
15,9
15,11
15,13
15,14
15,16
15,17
15,19
15,20
15,22
15,25
15,27
15,30
15,32
15,33
15,35
15,36
15,38
15,39
15,41
15,64
15,65
15,67
15,68
15,70
15,72
15,73
15,75
15,76
15,78
15,79
15,81
15,83
15,84
15,86
15,87
15,91
15,92
15,94
15,95
15,97
15,99
15,100
15,102
15,103
16,1
16,2
16,4
16,6
16,7
16,9
16,10
16,12
16,14
16,15
16,17
16,18
16,21
16,23
16,25
16,26
16,28
16,29
16,31
16,33
16,34
16,36
16,37
16,39
17,0
18,0
18,2
18,3
19,0
19,1
20,0
20,1
21,0
21,2
21,3
22,1
22,2
22,4
22,6
22,7
22,9
22,10
22,12
23,0
23,2
23,4
23,5
24,0
24,1
24,3
25,0
25,1
26,1
26,2
26,4
27,0
27,1
27,3
27,4
28,1
28,3
28,4
28,6
28,7
29,1
29,2
29,4
30,1
30,2
30,4
30,5
31,1
31,4
31,6
31,7
32,1
32,3
32,4
33,0
33,1
34,0
34,2
34,4
34,5
35,1
35,2
36,0
36,2
36,3
37,0
37,1
37,3
37,4
38,0
38,2
38,3
39,0
39,1
39,3
40,0
40,1
40,3
40,4
41,0
41,1
41,3
41,5
41,6
41,8
41,9
42,1
42,4
43,1
43,2
44,0
44,2
44,3
46,0
46,1
46,3
46,4
47,1
47,3
47,4
47,6
48,0
48,2
48,4
48,5
48,7
49,0
49,2
49,3
49,5
50,1
50,2
50,4
50,5
51,1
52,0
53,0
53,1
53,3
53,4
54,0
54,2
54,3
55,1
55,2
55,4
56,0
56,2
56,7
56,10
57,1
57,2
57,4
57,5
57,7
58,1
58,2
58,4
58,5
59,1
59,2
59,4
60,0
60,1
60,3
61,0
61,2
61,4
61,5
61,7
61,8
61,10
61,11
61,13
61,15
61,16
61,18
61,19
61,21
61,23
62,0
62,2
62,3
62,5
63,0
63,2
63,4
64,0
64,2
64,3
64,1
63,3
63,1
62,4
62,1
61,22
61,20
61,17
61,14
61,12
61,9
61,6
61,3
61,1
60,2
59,5
59,3
59,0
58,3
58,0
57,6
57,3
57,0
56,9
56,6
56,1
55,3
55,0
54,1
53,5
53,2
52,1
51,2
51,0
50,3
50,0
49,4
49,1
48,6
48,3
48,1
47,5
47,2
47,0
46,2
44,4
44,1
43,3
43,0
42,2
42,0
41,7
41,4
41,2
40,5
40,2
39,4
39,2
38,4
38,1
37,5
37,2
36,4
36,1
35,0
34,1
33,2
32,5
32,2
32,0
31,5
31,2
31,0
30,3
30,0
29,3
29,0
28,5
28,2
28,0
27,2
26,5
26,3
26,0
25,2
24,4
24,2
23,6
23,3
23,1
22,11
22,8
22,5
22,3
22,0
21,1
19,2
18,4
18,1
17,1
16,38
16,35
16,32
16,30
16,27
16,24
16,22
16,19
16,16
16,11
16,0
15,101
15,98
15,96
15,93
15,90
15,88
15,85
15,82
15,80
15,77
15,74
15,71
15,69
15,66
15,42
15,40
15,37
15,34
15,31
15,26
15,23
15,21
15,18
15,15
15,12
15,10
15,7
15,2
13,4
13,1
0,5
0,4
0,2
0,3
0,7
